769.766402
879.015004
89.490776
698.422042
877.931320
175.141053
633.248623
830.899663
287.613223
592.781341
741.637545
405.249552
588.793829
623.691866
506.335229
623.335767
497.331593
574.243863
688.254876
384.731833
601.270908
767.333304
304.673009
590.181423
840.484004
268.110625
553.094289
888.912188
275.744956
508.021532
899.895745
318.194850
473.992735
869.944974
378.695573
466.056703
805.537774
437.580748
491.468695
721.273912
477.350007
548.038717
635.976336
486.989154
625.025971
567.803986
464.432763
706.278069
529.685411
416.576733
774.717508
526.271936
356.917493
816.933251
553.176767
301.531613
826.633098
598.633458
264.541512
806.049374
647.048895
254.324138
764.969931
683.422772
271.483886
717.726219
697.393742
309.098179
679.027262
685.806211
355.099594
659.830261
653.129486
396.062717
664.404609
609.677011
421.282077
689.390080
568.193994
425.963596
725.074813
539.833438
412.620258
758.487601
530.698990
390.284709
777.389338
539.956428
371.778385
774.001911
560.056879
369.831531
747.396770
579.004959
393.175569
703.853697
584.016834
443.737826
655.082203
565.512174
515.757626
614.808851
520.282390
597.100522
594.701901
452.903261
672.426623
600.799030
374.949306
727.343499
631.470432
302.182936
752.390683
677.526083
250.461642
745.740000
724.480557
231.472678
713.843267
756.387002
249.465424
669.819751
760.210355
299.890298
629.995226
729.550143
370.341989
609.512140
666.688678
443.584438
618.187766
582.385010
501.874755
657.735169
493.436590
531.454955
721.099127
418.625467
526.036513
794.095864
374.093610
488.372453
858.935193
369.339485
429.519152
898.710316
404.859230
365.996662
901.694283
472.020143
315.599159
864.344403
555.171767
292.943576
792.264453
635.427335
305.890066
698.911268
695.136180
353.717872
602.411447
721.919536
427.468252
521.322654
711.288942
512.302639
470.413344
667.259753
591.219597
457.490553
600.900565
649.157507
482.000156
527.279671
676.455955
535.648214
461.647265
670.859501
604.777011
415.836033
637.655307
673.810453
395.747955
588.024750
728.863725
400.466228
536.127374
760.636430
423.086527
495.712971
765.954714
452.924565
477.112926
747.716890
478.440217
485.296692
713.417026
490.096114
519.353112
672.759866482.457239
0.0000000.0000000.0000000.0000000.0000000.0000000.0000000.0000000.0000000.0000000.0000000.0000000.0000000.0000000.0000000.0000000.0000000.0000000.0000000.0000000.0000000.0000000.0000000.0000000.0000000.0000000.0000000.0000000.0000000.0000000.0000000.0000000.0000000.0000000.0000000.0000000.0000000.0000000.0000000.0000000.0000000.0000000.0000000.0000000.0000000.0000000.0000000.0000000.0000000.0000000.0000000.0000000.0000000.0000000.000000